Hello
89231163423  
  
89231163423  
  
  
  
  
  
  
  
  
  
  
  
  
  
89231163423  
  
89231163423  
  
89231163423  
  
89231163423  
  
  
  
  
  
89231163423  
  
89231163423  
  
  
  
89231163423  
  
34567  
34567  
  
89231163423  
  
89231163423  
  
213  
  
123  
123  
  
1234  
  
  
89231163423  
  
2332325  
  
  
  
  
  
  
  
  
  
  
  
  
  
  
  
  
  
  
  
  
  
  
  
9898798654  
  
  
  
  
  
  
  
  
  
  
  
  
  
  
  
  
  
  
  
  
  
  
  
  
89231163423  
  
  
  
  
89231163423  
  
  
  
  
  
  
  
  
  
  
  
  
  
  
  
  
  
  
89231163423  
  
89231163423  
  
89231163423  
  
  
89231163423  
  
89231163423  
  
89231163423  
  
  
89231163423  
  
89231163423  
  
  
  
  
  
  
  
  
89231163423  
  
  
  
  
  
89231163423  
  
  
  
  
  
  
  
  
  
  
  
  
  
89231163423  
  
  
  
  
  
  
89231163423  
  
  
  
  
  
89231163423  
  
  
  
  
  
  
  
  
  
  
  
  
89231163423  
  
  
  
  
  
  
  
  
  
  
89231163423  
  
  
  
  
  
89231163423  
  
  
  
  
  
  
  
89231163423  
  
  
  
  
  
  
89231163423  
  
  
  
  
  
  
89231163423  
  
  
  
  
  
  
  
  
  
  
  
  
  
  
  
  
  
  
  
  
  
  
  
  
  
  
  
  
  
  
  
  
  
  
  
  
  
  
  
  
  
  
  
  
  
  
  
  
  
  
  
  
  
  
  
  
  
  
  
89231163423  
  
  
  
  
  
  
  
  
  
  
  
  
  
  
  
  
  
  
  
  
  
  
  
  
  
  
  
124  
  
  
  
  
  
  
  
124  
  
  
  
  
89231163423  
  
  
  
89231163423  
  
  
  
89231163423  
  
  
  
  
  
  
89231163423  
  
  
  
  
124  
  
  
  
  
  
  
  
  
  
89231163423  
  
  
  
  
124  
  
  
  
  
  
  
  
  
  
  
  
  
  
  
  
  
  
  
  
  
  
  
  
  
  
  
  
  
  
  
  
  
  
  
  
  
  
  
  
  
  
  
  
  
  
  
  
  
  
  
  
  
  
  
  
  
  
  
  
  
  
  
  
  
  
  
  
  
89231163423  
  
  
  
  
03  
  
  
  
  
  
  
  
  
  
  
  
  
  
  
  
  
  
  
  
  
  
  
  
  
  
  
  
  
  
  
  
  
  
  
  
  
  
  
  
  
  
  
  
  
  
  
  
  
  
  
  
  
  
  
  
  
  
  
  
  
  
  
  
  
  
  
  
  
  
  
  
  
  
  
  
  
  
  
  
  
  
  
  
  
89134627225  
  
  
  
  
  
  
888  
  
  
  
  
  
  
  
  
  
  
  
1234  
  
  
  
  
2228  
  
332  
  
2345  
  
23456  
  
  
  
  
  
  
89231163423  
  
228  
  
  
  
  
  
  
  
  
  
  
  
  
  
  
  
  
  
  
  
  
  
  
  
  
  
  
  
  
  
  
  
  
  
  
  
  
  
  
  
  
  
  
  
  
  
  
  
2222  
  
89231163423  
  
1245  
  
888  
  
  
89231163423  
  
888  
  
122  
  
234  
  
987  
  
  
  
89231163423  
  
123  
  
888  
  
123  
  
654  
  
587  
  
233  
  
  
  
  
  
  
  
  
  
89231163423  
  
  
  
12345  
  
5432  
  
89134627225  
  
  
  
  
  
  
  
  
  
  
  
  
  
  
  
  
  
  
89231163423  
  
  
  
  
  
  
  
  
  
  
89231163423  
  
  
  
228  
  
  
  
  
  
  
12  
  
  
  
  
  
  
  
  
  
  
  
  
  
  
  
  
  
  
  
  
  
  
  
  
  
  
  
  
  
  
  
  
  
  
  
  
  
89134627225  
  
  
  
  
  
  
  
  
  
  
  
  
  
  
  
  
  
  
  
  
  
  
  
  
  
  
  
  
  
  
  
  
  
  
  
  
  
  
  
  
  
  
  
  
  
  
  
  
  
  
  
  
  
  
  
  
  
  
  
  
  
  
  
  
  
  
  
  
  
  
  
  
  
  
  
  
  
  
  
  
  
  
  
  
  
  
  
  
  
  
  
  
  
  
  
  
  
  
  
  
  
  
  
  
  
  
  
  
  
  
  
  
  
  
  
  
123  
  
  
  
  
  
  
  
  
  
  
  
  
332  
  
  
  
  
  
  
  
89231163423  
  
  
  
  
89137279331  
  
  
  
  
  
123  
  
  
  
  
228  
  
  
  
  
  
89231163423  
  
  
  
  
  
  
  
  
  
89231163423  
  
  
  
  
  
224  
  
  
  
  
223  
  
  
  
